image: r1_ground_floor_map.pgm
resolution: 0.050000
origin: [-71.400000, -82.600000, 0.000000]
negate: 0
occupied_thresh: 0.65
free_thresh: 0.196

